137 325 -0.002218
322 325 -0.002533
308 325 -0.002767
315 325 -0.002864
307 325 -0.003280
190 325 -0.004192
319 325 -0.004210
137 289 -0.004527
69 325 -0.004990
278 325 -0.005016
289 315 -0.005197
234 325 -0.005261
34 325 -0.005346
289 322 -0.005440
295 325 -0.005611
289 319 -0.005784
165 325 -0.005921
270 325 -0.005976
46 325 -0.006146
282 325 -0.006436
129 137 -0.006460
44 325 -0.006610
137 324 -0.006648
157 325 -0.006680
160 325 -0.006685
273 325 -0.006732
289 308 -0.006776
289 307 -0.006961
190 289 -0.006970
140 325 -0.007077
257 325 -0.007528
19 325 -0.007549
240 308 -0.007640
254 325 -0.007672
110 137 -0.007672
253 325 -0.007702
164 325 -0.007860
311 325 -0.007945
69 289 -0.007979
137 309 -0.007984
208 325 -0.008091
200 325 -0.008111
143 325 -0.008118
119 325 -0.008203
69 240 -0.008238
204 325 -0.008289
291 325 -0.008420
137 284 -0.008454
234 289 -0.008544
110 315 -0.008658
110 322 -0.008684
151 325 -0.008712
129 322 -0.008714
190 240 -0.008786
212 325 -0.008790
300 325 -0.008797
129 315 -0.008868
304 325 -0.008874
129 307 -0.008890
160 289 -0.008946
168 325 -0.008953
242 325 -0.009101
68 325 -0.009258
278 289 -0.009267
40 325 -0.009286
322 324 -0.009302
34 289 -0.009355
137 241 -0.009379
156 325 -0.009450
297 325 -0.009452
136 325 -0.009478
313 325 -0.009500
240 319 -0.009528
294 325 -0.009550
284 322 -0.009555
276 325 -0.009561
315 324 -0.009601
270 289 -0.009675
255 325 -0.009679
240 270 -0.009717
284 315 -0.009784
137 246 -0.009798
110 307 -0.009803
309 322 -0.009883
269 325 -0.010119
39 325 -0.010163
137 182 -0.010165
204 289 -0.010194
307 324 -0.010215
280 325 -0.010225
3 137 -0.010243
290 325 -0.010325
137 221 -0.010402
309 315 -0.010411
241 322 -0.010422
165 240 -0.010483
111 137 -0.010490
106 325 -0.010671
234 240 -0.010672
165 289 -0.010686
