276 291 0.666667
136 269 0.652174
269 280 0.645833
26 318 0.621622
28 97 0.613636
7 121 0.609756
1 153 0.606061
20 229 0.600000
4 114 0.591837
4 41 0.586957
41 130 0.586957
20 112 0.586207
19 230 0.580645
8 121 0.577778
288 291 0.577778
265 269 0.576923
268 301 0.576923
200 234 0.565217
132 206 0.564103
273 291 0.564103
66 121 0.562500
10 291 0.552632
90 229 0.545455
2 74 0.536585
6 106 0.536585
136 300 0.536585
10 136 0.534884
97 130 0.534884
8 130 0.533333
151 153 0.531250
12 226 0.528302
133 268 0.528302
133 301 0.528302
38 41 0.527273
2 26 0.526316
19 105 0.523810
42 66 0.522727
183 320 0.522727
7 114 0.521739
26 27 0.521739
91 121 0.520833
203 296 0.520833
248 254 0.515152
90 212 0.512195
4 33 0.511111
140 272 0.510204
71 74 0.509804
56 232 0.509434
113 218 0.509091
235 272 0.508772
2 323 0.500000
30 206 0.500000
45 218 0.500000
59 320 0.500000
105 230 0.500000
109 152 0.500000
128 149 0.500000
134 262 0.500000
225 277 0.500000
61 101 0.492754
12 298 0.491525
32 41 0.490909
133 141 0.490909
92 115 0.490566
106 298 0.490566
4 64 0.489796
20 222 0.489796
48 116 0.489796
79 181 0.488889
219 230 0.488372
277 284 0.487805
255 294 0.486486
255 311 0.484848
112 229 0.482759
63 73 0.481481
88 264 0.480000
285 303 0.480000
12 45 0.479167
81 109 0.479167
97 115 0.479167
128 321 0.479167
140 172 0.479167
150 303 0.478873
21 26 0.478261
74 323 0.478261
201 317 0.478261
86 130 0.477273
241 245 0.477273
48 86 0.476190
61 76 0.476190
269 281 0.476190
19 219 0.475000
106 212 0.473684
245 266 0.473684
76 116 0.472727
141 288 0.472727
216 226 0.472727
247 284 0.472222
276 287 0.472222
64 76 0.471698
