286 304 95.318245
18 95 91.740354
108 123 91.173207
151 304 89.103069
259 294 85.427662
151 206 85.106155
66 108 84.393429
108 162 83.536018
277 288 83.436723
108 187 81.911453
61 108 81.127605
10 19 80.546060
167 294 79.565599
73 108 78.052625
10 299 77.922969
12 302 76.649991
151 300 75.950212
19 288 75.662479
109 136 75.603402
109 118 75.517912
113 288 74.882128
18 78 74.831088
59 108 74.687753
288 299 74.556435
18 164 74.453586
10 218 74.414050
30 108 74.367844
18 29 74.310762
62 102 74.019270
236 286 72.938267
83 108 72.922146
85 108 72.586517
38 102 72.399568
59 109 71.956012
18 303 71.298465
270 282 71.261400
30 109 70.355961
142 151 70.238663
33 128 70.205713
134 203 69.986960
294 314 69.970744
244 304 69.718753
38 62 69.662938
12 19 69.661698
151 269 69.559872
18 180 69.439900
108 176 69.073162
18 79 68.956434
143 289 68.834341
146 236 68.802472
61 288 68.692091
23 61 68.290408
61 206 68.175248
236 273 68.163810
113 151 67.951126
61 109 67.710946
78 95 67.683866
151 302 67.651893
50 108 67.617841
12 299 67.599224
18 162 67.462847
19 282 67.436325
92 109 67.260049
113 282 67.256392
304 314 67.046157
86 128 66.944834
90 294 66.658801
116 128 66.605885
61 168 66.431443
84 109 66.318168
12 244 66.267225
37 78 66.172783
10 105 66.089897
73 188 65.872607
37 164 65.871105
10 219 65.805363
50 104 65.766387
151 250 65.723710
128 180 65.663939
18 187 65.411358
128 179 65.379598
266 270 65.338106
12 218 65.237021
95 303 65.217636
134 142 64.840970
10 90 64.831404
10 106 64.607650
37 179 64.433550
10 141 64.379675
95 179 64.357350
108 267 64.177184
79 128 64.160880
108 182 64.160095
113 206 64.147745
73 109 64.145319
250 282 64.140457
135 288 64.087938
134 269 63.758569
87 108 63.720319
76 127 63.467512
