269 280 0.007754
203 296 0.007623
20 112 0.007555
12 298 0.007465
241 245 0.007306
213 227 0.007222
106 298 0.007161
20 229 0.007159
112 229 0.007158
35 208 0.007143
265 269 0.007130
28 97 0.007125
225 277 0.007123
256 326 0.007114
276 287 0.007091
56 232 0.007027
90 229 0.007022
208 223 0.007015
44 249 0.007014
245 266 0.007003
277 284 0.006994
268 301 0.006993
51 164 0.006984
136 269 0.006979
276 291 0.006976
61 101 0.006973
256 282 0.006963
17 28 0.006955
26 27 0.006928
148 213 0.006905
34 215 0.006903
88 264 0.006864
26 318 0.006859
248 254 0.006850
285 303 0.006841
87 284 0.006815
90 212 0.006796
61 76 0.006795
35 223 0.006795
4 114 0.006786
4 41 0.006780
82 236 0.006771
85 127 0.006760
269 281 0.006757
17 94 0.006744
225 284 0.006733
109 152 0.006717
212 259 0.006713
282 296 0.006694
71 74 0.006678
68 275 0.006673
7 121 0.006671
273 281 0.006650
12 226 0.006642
204 207 0.006632
42 94 0.006625
208 282 0.006624
18 197 0.006604
134 295 0.006598
11 301 0.006587
55 264 0.006586
128 149 0.006585
111 264 0.006579
81 109 0.006578
35 234 0.006572
238 245 0.006554
32 127 0.006540
238 266 0.006537
8 121 0.006528
96 169 0.006528
134 262 0.006524
15 245 0.006509
136 300 0.006509
110 277 0.006506
115 127 0.006489
89 295 0.006487
66 121 0.006483
148 234 0.006477
12 45 0.006463
41 130 0.006459
255 294 0.006455
253 326 0.006452
272 300 0.006450
133 301 0.006448
150 303 0.006446
123 232 0.006441
46 243 0.006440
232 284 0.006439
45 218 0.006433
2 74 0.006430
15 82 0.006429
56 123 0.006429
96 158 0.006428
4 61 0.006425
21 26 0.006423
104 197 0.006416
44 112 0.006413
82 124 0.006411
261 284 0.006405
179 221 0.006404
